STATION:   TWIN CITIES MN
MONTH:     OCTOBER
YEAR:      2015
LATITUDE:   44 52 N
LONGITUDE:  93 13 W

TEMPERATURE IN F:       :PCPN:    SNOW:  WIND      :SUNSHINE: SKY     :PK WND
================================================================================
1   2   3   4   5  6A  6B    7    8   9   10  11  12  13   14  15   16   17  18
12Z  AVG MX 2MIN
DY MAX MIN AVG DEP HDD CDD  WTR  SNW DPTH SPD SPD DIR MIN PSBL S-S WX    SPD DR
================================================================================

1  63  45  54  -1  11   0 0.00  0.0    0  8.0 18  80   M    M   1        23  80
2  62  41  52  -3  13   0 0.00  0.0    0 10.6 18  70   M    M   0        24 100
3  60  42  51  -3  14   0 0.00  0.0    0 12.1 21  70   M    M   3        25  60
4  58  42  50  -4  15   0 0.00  0.0    0  6.0 12 140   M    M   7        15 110
5  62  45  54   1  11   0 0.00  0.0    0  5.5  8 150   M    M   8        11 180
6  69  52  61   8   4   0 0.00  0.0    0  4.7 14 340   M    M   7        19 350
7  63  43  53   0  12   0    T  0.0    0  4.6 14 140   M    M   5 1      19 130
8  66  52  59   7   6   0 0.33  0.0    0 12.4 23 300   M    M   9 138    27 300
9  56  43  50  -2  15   0 0.00  0.0    0  5.0 14 350   M    M   7        18 340
10  74  42  58   7   7   0 0.00  0.0    0 11.4 23 210   M    M   5        30 210
11  85  58  72  21   0   7 0.00  0.0    0  9.5 29 290   M    M   1 8      43 290
12  66  46  56   6   9   0    T  0.0    0 18.8 35 270   M    M   8 18     45 270
13  60  43  52   2  13   0 0.00  0.0    0 10.1 21 320   M    M   5        27 330
14  68  39  54   4  11   0 0.00  0.0    0  7.5 24 300   M    M   1        29 300
15  61  42  52   3  13   0 0.00  0.0    0 14.0 30 310   M    M   2        38 310
16  48  33  41  -8  24   0 0.00  0.0    0 10.5 26 310   M    M   2        31 300
17  56  31  44  -4  21   0 0.00  0.0    0  3.6 16 260   M    M   1        21 280
18  63  35  49   1  16   0 0.00  0.0    0 10.8 25 160   M    M   0        32 160
19  76  51  64  16   1   0    T  0.0    0  7.2 17 210   M    M   4        23 210
20  69  50  60  13   5   0    T  0.0    0  7.1 14  70   M    M   6 18     20  40
21  63  44  54   7  11   0    T  0.0    0  9.0 21 290   M    M   4 8      27 290
22  63  40  52   6  13   0 0.00  0.0    0  3.7 10 110   M    M   2 8      17  50
23  54  49  52   6  13   0 0.94  0.0    0 12.0 21 100   M    M  10 1      26 120
24  57  42  50   4  15   0 0.24  0.0    0 12.2 25 320   M    M   6 1      34 320
25  56  38  47   2  18   0 0.01  0.0    0  4.0 12 120   M    M   7 1      14 190
26  59  48  54   9  11   0 0.01  0.0    0  8.4 17 160   M    M  10        22 170
27  55  47  51   7  14   0 0.35  0.0    0 10.4 20 100   M    M  10 1      23 100
28  47  34  41  -3  24   0 0.38    T    0 13.4 31 290   M    M  10 1      40 300
29  49  35  42  -1  23   0 0.01    T    0 12.1 24 300   M    M  10 1      30 310
30  53  40  47   4  18   0 0.01  0.0    0  9.7 20 180   M    M   9 1      26 170
31  51  44  48   6  17   0 0.33  0.0    0 10.4 21 270   M    M   9 1      27 270
