STATION:   TWIN CITIES MN
MONTH:     NOVEMBER
YEAR:      2015
LATITUDE:   44 52 N
LONGITUDE:  93 13 W

TEMPERATURE IN F:       :PCPN:    SNOW:  WIND      :SUNSHINE: SKY     :PK WND
================================================================================
1   2   3   4   5  6A  6B    7    8   9   10  11  12  13   14  15   16   17  18
12Z  AVG MX 2MIN
DY MAX MIN AVG DEP HDD CDD  WTR  SNW DPTH SPD SPD DIR MIN PSBL S-S WX    SPD DR
================================================================================

1  56  40  48   6  17   0 0.00  0.0    0  6.9 21 260   M    M   6        26 270
2  70  45  58  17   7   0 0.00  0.0    0  3.7 13 130   M    M   6        15 140
3  71  45  58  17   7   0 0.00  0.0    0  9.1 21 140   M    M   1 1      28 140
4  62  52  57  17   8   0 0.00  0.0    0 11.7 20 170   M    M   6 18     26 170
5  65  42  54  14  11   0 0.01  0.0    0 15.4 25 260   M    M  10 138    32 270
6  47  39  43   4  22   0 0.00  0.0    0 11.2 20 260   M    M   8        25 290
7  50  33  42   3  23   0 0.00  0.0    0  9.0 17 270   M    M   3        22 270
8  59  43  51  13  14   0 0.00  0.0    0 12.3 22 210   M    M   0        30 200
9  62  44  53  15  12   0 0.00  0.0    0 10.2 15 190   M    M   0        22 200
10  61  38  50  13  15   0 0.00  0.0    0  8.6 21 160   M    M   6        26 160
11  53  42  48  12  17   0 1.73  0.0    0 10.3 26 340   M    M   7 138    34 350
12  45  37  41   5  24   0 0.37  0.0    0 21.5 31 310   M    M   9 1      42 300
13  45  31  38   3  27   0 0.00  0.0    0 11.0 23 310   M    M   2        31 300
14  57  32  45  10  20   0 0.00  0.0    0  5.8 13 180   M    M   4        18 130
15  62  38  50  16  15   0 0.00  0.0    0  8.5 20 170   M    M   1        24 170
16  53  47  50  17  15   0 0.17  0.0    0 13.8 21 150   M    M  10 13     27 140
17  55  49  52  19  13   0 1.21  0.0    0 12.7 24 120   M    M  10 13     32 120
18  59  37  48  16  17   0 0.50  0.0    0 16.9 29 270   M    M  10 18     37 250
19  37  30  34   2  31   0    T    T    0 21.2 33 260   M    M   6 1      48 300
20  31  25  28  -3  37   0 0.00  0.0    0  9.2 26 270   M    M   7        33 270
21  28  15  22  -8  43   0    T    T    0  7.6 15 300   M    M   5 1      19 270
22  34  17  26  -4  39   0 0.00  0.0    0  7.4 15 170   M    M   7        20 150
23  46  25  36   7  29   0 0.00  0.0    0  6.4 15 310   M    M   4        19 300
24  46  28  37   8  28   0 0.00  0.0    0 10.0 21 130   M    M   6 1      24 130
25  51  33  42  14  23   0 0.00  0.0    0  8.5 16 210   M    M   8 18     21 210
26  40  24  32   4  33   0 0.12  1.3    0 13.5 20 340   M    M  10 18     24 350
27  27  18  23  -4  42   0 0.00  0.0    1  7.1 17 340   M    M   5        23 330
28  30  14  22  -5  43   0 0.00  0.0    1  3.7 10 230   M    M   0        14 230
29  34  19  27   1  38   0 0.00  0.0    1  4.0  8 130   M    M   8        13  50
30  35  28  32   6  33   0 0.41  3.8    3  9.2 16  80   M    M  10 1268   22  40
