STATION:   TWIN CITIES MN
MONTH:     JUNE
YEAR:      2015
LATITUDE:   44 52 N
LONGITUDE:  93 13 W

TEMPERATURE IN F:       :PCPN:    SNOW:  WIND      :SUNSHINE: SKY     :PK WND
================================================================================
1   2   3   4   5  6A  6B    7    8   9   10  11  12  13   14  15   16   17  18
12Z  AVG MX 2MIN
DY MAX MIN AVG DEP HDD CDD  WTR  SNW DPTH SPD SPD DIR MIN PSBL S-S WX    SPD DR
================================================================================

1  69  52  61  -3   4   0 0.00  0.0    0  9.5 18 140   M    M   6        22 130
2  76  54  65   1   0   0 0.00  0.0    0 12.4 22 160   M    M   5        29 150
3  67  62  65   0   0   0 0.75  0.0    0  8.7 17 170   M    M  10 138    21 160
4  75  62  69   4   0   4 0.00  0.0    0  5.5 13 300   M    M   9 1      15 340
5  75  61  68   3   0   3 0.00  0.0    0  8.8 14  90   M    M   8        21  80
6  79  59  69   3   0   4 0.69  0.0    0 13.3 25 170   M    M   8 13     33 160
7  83  66  75   9   0  10 0.06  0.0    0 10.1 20 300   M    M   7 13     24 340
8  81  61  71   5   0   6 0.00  0.0    0  7.3 20 320   M    M   4        25 320
9  92  63  78  11   0  13 0.00  0.0    0  5.6 21 240   M    M   4 8      27 240
10  79  62  71   4   0   6    T  0.0    0  8.3 21 320   M    M   5        27 320
11  67  58  63  -4   2   0 0.30  0.0    0 10.1 18  50   M    M   9 1      24  90
12  79  53  66  -2   0   1 0.00  0.0    0 10.0 20  70   M    M   4        25  50
13  71  60  66  -2   0   1 0.07  0.0    0  7.1 13 110   M    M  10 18     17 100
14  85  62  74   6   0   9 0.00  0.0    0  5.1 13 250   M    M   7        18 350
15  78  64  71   2   0   6 0.00  0.0    0 11.0 20 330   M    M   7        28  20
16  72  55  64  -5   1   0    T  0.0    0  7.6 18  20   M    M   5        28  10
17  79  60  70   0   0   5 0.87  0.0    0  8.0 16 320   M    M   8 138    22 360
18  79  61  70   0   0   5 0.00  0.0    0  8.0 15 330   M    M   5        30  10
19  79  59  69  -1   0   4 0.00  0.0    0  9.9 16 150   M    M   5        22 140
20  82  63  73   3   0   8 0.43  0.0    0  9.9 21 150   M    M   8 138    25 270
21  86  62  74   3   0   9 0.00  0.0    0  5.7 15 270   M    M   5        19 270
22  82  64  73   2   0   8 0.95  0.0    0 12.5 32  90   M    M   7 13     38 100
23  79  60  70  -1   0   5 0.00  0.0    0  7.3 15 230   M    M   2        19 310
24  78  62  70  -2   0   5 0.00  0.0    0  5.3 14 160   M    M   6        21 160
25  82  63  73   1   0   8 0.00  0.0    0  5.5 15 360   M    M   5 18     26  30
26  81  63  72   0   0   7 0.06  0.0    0  5.9 18  50   M    M   6 3      25  50
27  83  60  72   0   0   7 0.02  0.0    0  5.2 15 220   M    M   4 138    19 250
28  82  64  73   1   0   8 0.09  0.0    0  6.2 25  40   M    M   7 13     30  40
29  83  65  74   1   0   9 0.11  0.0    0  5.8 24  90   M    M   5 138    32  60
30  77  62  70  -3   0   5 0.00  0.0    0  7.1 13  40   M    M   5 18     24 360
